           Idx      m_a / eV    P_a->gamma
             0      0.001467    1.1659e+16
             1      0.001467    1.1659e+16
             2      0.001467    1.1659e+16
             3      0.001468    1.1659e+16
             4      0.001468    1.1659e+16
             5      0.001468    1.1659e+16
             6      0.001468    1.1659e+16
             7      0.001468    1.1659e+16
             8      0.001468    1.1659e+16
             9      0.001468    1.1659e+16
            10      0.001468    1.1659e+16
            11      0.001468    1.1659e+16
            12      0.001468    1.1659e+16
            13      0.001468    1.1659e+16
            14      0.001468    1.1659e+16
            15      0.001468    1.1659e+16
            16      0.001468    1.1659e+16
            17      0.001468    1.1659e+16
            18      0.001468    1.1659e+16
            19      0.001468    1.1659e+16
            20      0.001468    1.1659e+16
            21      0.001468    1.1659e+16
            22      0.001468    1.1659e+16
            23      0.001468    1.1659e+16
            24      0.001468    1.1659e+16
            25      0.001468    1.1659e+16
            26      0.001468    1.1659e+16
            27      0.001468    1.1659e+16
            28      0.001468    1.1659e+16
            29      0.001468    1.1659e+16
            30      0.001468    1.1659e+16
            31      0.001468    1.1659e+16
            32      0.001468    1.1659e+16
            33      0.001468    1.1659e+16
            34      0.001468    1.1659e+16
            35      0.001468    1.1659e+16
            36      0.001468    1.1659e+16
            37      0.001469    1.1659e+16
            38      0.001469    1.1659e+16
            39      0.001469    1.1659e+16
            40      0.001469    1.1659e+16
            41      0.001469    1.1659e+16
            42      0.001469    1.1659e+16
            43      0.001469    1.1659e+16
            44      0.001469    1.1659e+16
            45      0.001469    1.1659e+16
            46      0.001469    1.1659e+16
            47      0.001469    1.1659e+16
            48      0.001469    1.1659e+16
            49      0.001469    1.1659e+16
            50      0.001469    1.1659e+16
            51      0.001469    1.1659e+16
            52      0.001469    1.1659e+16
            53      0.001469    1.1659e+16
            54      0.001469    1.1659e+16
            55      0.001469    1.1659e+16
            56      0.001469    1.1659e+16
            57      0.001469    1.1659e+16
            58      0.001469    1.1659e+16
            59      0.001469    1.1659e+16
            60      0.001469    1.1659e+16
            61      0.001469    1.1659e+16
            62      0.001469    1.1659e+16
            63      0.001469    1.1659e+16
            64      0.001469    1.1659e+16
            65      0.001469    1.1659e+16
            66      0.001469    1.1659e+16
            67      0.001469    1.1659e+16
            68      0.001469    1.1659e+16
            69      0.001469    1.1659e+16
            70       0.00147    1.1659e+16
            71       0.00147    1.1659e+16
            72       0.00147    1.1659e+16
            73       0.00147    1.1659e+16
            74       0.00147    1.1659e+16
            75       0.00147    1.1659e+16
            76       0.00147    1.1659e+16
            77       0.00147    1.1659e+16
            78       0.00147    1.1659e+16
            79       0.00147    1.1659e+16
            80       0.00147    1.1659e+16
            81       0.00147    1.1659e+16
            82       0.00147    1.1659e+16
            83       0.00147    1.1659e+16
            84       0.00147    1.1659e+16
            85       0.00147    1.1659e+16
            86       0.00147    1.1659e+16
            87       0.00147    1.1659e+16
            88       0.00147    1.1659e+16
            89       0.00147    1.1659e+16
            90       0.00147    1.1659e+16
            91       0.00147    1.1659e+16
            92       0.00147    1.1659e+16
            93       0.00147    1.1659e+16
            94       0.00147    1.1659e+16
            95       0.00147    1.1659e+16
            96       0.00147    1.1659e+16
            97       0.00147    1.1659e+16
            98       0.00147    1.1659e+16
            99       0.00147    1.1659e+16
           100       0.00147    1.1659e+16
           101       0.00147    1.1659e+16
           102       0.00147    1.1659e+16
           103       0.00147    1.1659e+16
           104      0.001471    1.1659e+16
           105      0.001471    1.1659e+16
           106      0.001471    1.1659e+16
           107      0.001471    1.1659e+16
           108      0.001471    1.1659e+16
           109      0.001471    1.1659e+16
           110      0.001471    1.1659e+16
           111      0.001471    1.1659e+16
           112      0.001471    1.1659e+16
           113      0.001471    1.1659e+16
           114      0.001471    1.1659e+16
           115      0.001471    1.1659e+16
           116      0.001471    1.1659e+16
           117      0.001471    1.1659e+16
           118      0.001471    1.1659e+16
           119      0.001471    1.1659e+16
           120      0.001471    1.1659e+16
           121      0.001471    1.1659e+16
           122      0.001471    1.1659e+16
           123      0.001471    1.1659e+16
           124      0.001471    1.1659e+16
           125      0.001471    1.1659e+16
           126      0.001471    1.1659e+16
           127      0.001471    1.1659e+16
           128      0.001471    1.1659e+16
           129      0.001471    1.1659e+16
           130      0.001471    1.1659e+16
           131      0.001471    1.1659e+16
           132      0.001471    1.1659e+16
           133      0.001471    1.1659e+16
           134      0.001471    1.1659e+16
           135      0.001471    1.1659e+16
           136      0.001471    1.1659e+16
           137      0.001471    1.1659e+16
           138      0.001472    1.1659e+16
           139      0.001472    1.1659e+16
           140      0.001472    1.1659e+16
           141      0.001472    1.1659e+16
           142      0.001472    1.1659e+16
           143      0.001472    1.1659e+16
           144      0.001472    1.1659e+16
           145      0.001472    1.1659e+16
           146      0.001472    1.1659e+16
           147      0.001472    1.1659e+16
           148      0.001472    1.1659e+16
           149      0.001472    1.1659e+16
           150      0.001472    1.1659e+16
           151      0.001472    1.1659e+16
           152      0.001472    1.1659e+16
           153      0.001472    1.1659e+16
           154      0.001472    1.1659e+16
           155      0.001472    1.1659e+16
           156      0.001472    1.1659e+16
           157      0.001472    1.1659e+16
           158      0.001472    1.1659e+16
           159      0.001472    1.1659e+16
           160      0.001472    1.1659e+16
           161      0.001472    1.1659e+16
           162      0.001472    1.1659e+16
           163      0.001472    1.1659e+16
           164      0.001472    1.1659e+16
           165      0.001472    1.1659e+16
           166      0.001472    1.1659e+16
           167      0.001472    1.1659e+16
           168      0.001472    1.1659e+16
           169      0.001472    1.1659e+16
           170      0.001472    1.1659e+16
           171      0.001473    1.1659e+16
           172      0.001473    1.1659e+16
           173      0.001473    1.1659e+16
           174      0.001473    1.1659e+16
           175      0.001473    1.1659e+16
           176      0.001473    1.1659e+16
           177      0.001473    1.1659e+16
           178      0.001473    1.1659e+16
           179      0.001473    1.1659e+16
           180      0.001473    1.1659e+16
           181      0.001473    1.1659e+16
           182      0.001473    1.1659e+16
           183      0.001473    1.1659e+16
           184      0.001473    1.1659e+16
           185      0.001473    1.1659e+16
           186      0.001473    1.1659e+16
           187      0.001473    1.1659e+16
           188      0.001473    1.1659e+16
           189      0.001473    1.1659e+16
           190      0.001473    1.1659e+16
           191      0.001473    1.1659e+16
           192      0.001473    1.1659e+16
           193      0.001473    1.1659e+16
           194      0.001473    1.1659e+16
           195      0.001473    1.1659e+16
           196      0.001473    1.1659e+16
           197      0.001473    1.1659e+16
           198      0.001473    1.1659e+16
           199      0.001473    1.1659e+16
           200      0.001473    1.1659e+16
           201      0.001473    1.1659e+16
           202      0.001473    1.1659e+16
           203      0.001473    1.1659e+16
           204      0.001473    1.1659e+16
           205      0.001474    1.1659e+16
           206      0.001474    1.1659e+16
           207      0.001474    1.1659e+16
           208      0.001474    1.1659e+16
           209      0.001474    1.1659e+16
           210      0.001474    1.1659e+16
           211      0.001474    1.1659e+16
           212      0.001474    1.1659e+16
           213      0.001474    1.1659e+16
           214      0.001474    1.1659e+16
           215      0.001474    1.1659e+16
           216      0.001474    1.1659e+16
           217      0.001474    1.1659e+16
           218      0.001474    1.1659e+16
           219      0.001474    1.1659e+16
           220      0.001474    1.1659e+16
           221      0.001474    1.1659e+16
           222      0.001474    1.1659e+16
           223      0.001474    1.1659e+16
           224      0.001474    1.1659e+16
           225      0.001474    1.1659e+16
           226      0.001474    1.1659e+16
           227      0.001474    1.1659e+16
           228      0.001474    1.1659e+16
           229      0.001474    1.1659e+16
           230      0.001474    1.1659e+16
           231      0.001474    1.1659e+16
           232      0.001474    1.1659e+16
           233      0.001474    1.1659e+16
           234      0.001474    1.1659e+16
           235      0.001474    1.1659e+16
           236      0.001474    1.1659e+16
           237      0.001474    1.1659e+16
           238      0.001474    1.1659e+16
           239      0.001475    1.1659e+16
           240      0.001475    1.1659e+16
           241      0.001475    1.1659e+16
           242      0.001475    1.1659e+16
           243      0.001475    1.1659e+16
           244      0.001475    1.1659e+16
           245      0.001475    1.1659e+16
           246      0.001475    1.1659e+16
           247      0.001475    1.1659e+16
           248      0.001475    1.1659e+16
           249      0.001475    1.1659e+16
           250      0.001475    1.1659e+16
           251      0.001475    1.1659e+16
           252      0.001475    1.1659e+16
           253      0.001475    1.1659e+16
           254      0.001475    1.1659e+16
           255      0.001475    1.1659e+16
           256      0.001475    1.1659e+16
           257      0.001475    1.1659e+16
           258      0.001475    1.1659e+16
           259      0.001475    1.1659e+16
           260      0.001475    1.1659e+16
           261      0.001475    1.1659e+16
           262      0.001475    1.1659e+16
           263      0.001475    1.1659e+16
           264      0.001475    1.1659e+16
           265      0.001475    1.1659e+16
           266      0.001475    1.1659e+16
           267      0.001475    1.1659e+16
           268      0.001475    1.1659e+16
           269      0.001475    1.1659e+16
           270      0.001475    1.1659e+16
           271      0.001475    1.1659e+16
           272      0.001476    1.1659e+16
           273      0.001476    1.1659e+16
           274      0.001476    1.1659e+16
           275      0.001476    1.1659e+16
           276      0.001476    1.1659e+16
           277      0.001476    1.1659e+16
           278      0.001476    1.1659e+16
           279      0.001476    1.1659e+16
           280      0.001476    1.1659e+16
           281      0.001476    1.1659e+16
           282      0.001476    1.1659e+16
           283      0.001476    1.1659e+16
           284      0.001476    1.1659e+16
           285      0.001476    1.1659e+16
           286      0.001476    1.1659e+16
           287      0.001476    1.1659e+16
           288      0.001476    1.1659e+16
           289      0.001476    1.1659e+16
           290      0.001476    1.1659e+16
           291      0.001476    1.1659e+16
           292      0.001476    1.1659e+16
           293      0.001476    1.1659e+16
           294      0.001476    1.1659e+16
           295      0.001476    1.1659e+16
           296      0.001476    1.1659e+16
           297      0.001476    1.1659e+16
           298      0.001476    1.1659e+16
           299      0.001476    1.1659e+16
           300      0.001476    1.1659e+16
           301      0.001476    1.1659e+16
           302      0.001476    1.1659e+16
           303      0.001476    1.1659e+16
           304      0.001476    1.1659e+16
           305      0.001476    1.1659e+16
           306      0.001477    1.1659e+16
           307      0.001477    1.1659e+16
           308      0.001477    1.1659e+16
           309      0.001477    1.1659e+16
           310      0.001477    1.1659e+16
           311      0.001477    1.1659e+16
           312      0.001477    1.1659e+16
           313      0.001477    1.1659e+16
           314      0.001477    1.1659e+16
           315      0.001477    1.1659e+16
           316      0.001477    1.1659e+16
           317      0.001477    1.1659e+16
           318      0.001477    1.1659e+16
           319      0.001477    1.1659e+16
           320      0.001477    1.1659e+16
           321      0.001477    1.1659e+16
           322      0.001477    1.1659e+16
           323      0.001477    1.1659e+16
           324      0.001477    1.1659e+16
           325      0.001477    1.1659e+16
           326      0.001477    1.1659e+16
           327      0.001477    1.1659e+16
           328      0.001477    1.1659e+16
           329      0.001477    1.1659e+16
           330      0.001477    1.1659e+16
           331      0.001477    1.1659e+16
           332      0.001477    1.1659e+16
           333      0.001477    1.1659e+16
           334      0.001477    1.1659e+16
           335      0.001477    1.1659e+16
           336      0.001477    1.1659e+16
           337      0.001477    1.1659e+16
           338      0.001477    1.1659e+16
           339      0.001477    1.1659e+16
           340      0.001478    1.1659e+16
           341      0.001478    1.1659e+16
           342      0.001478    1.1659e+16
           343      0.001478    1.1659e+16
           344      0.001478    1.1659e+16
           345      0.001478    1.1659e+16
           346      0.001478    1.1659e+16
           347      0.001478    1.1659e+16
           348      0.001478    1.1659e+16
           349      0.001478    1.1659e+16
           350      0.001478    1.1659e+16
           351      0.001478    1.1659e+16
           352      0.001478    1.1659e+16
           353      0.001478    1.1659e+16
           354      0.001478    1.1659e+16
           355      0.001478    1.1659e+16
           356      0.001478    1.1659e+16
           357      0.001478    1.1659e+16
           358      0.001478    1.1659e+16
           359      0.001478    1.1659e+16
           360      0.001478    1.1659e+16
           361      0.001478    1.1659e+16
           362      0.001478    1.1659e+16
           363      0.001478    1.1659e+16
           364      0.001478    1.1659e+16
           365      0.001478    1.1659e+16
           366      0.001478    1.1659e+16
           367      0.001478    1.1659e+16
           368      0.001478    1.1659e+16
           369      0.001478    1.1659e+16
           370      0.001478    1.1659e+16
           371      0.001478    1.1659e+16
           372      0.001478    1.1659e+16
           373      0.001479    1.1659e+16
           374      0.001479    1.1659e+16
           375      0.001479    1.1659e+16
           376      0.001479    1.1659e+16
           377      0.001479    1.1659e+16
           378      0.001479    1.1659e+16
           379      0.001479    1.1659e+16
           380      0.001479    1.1659e+16
           381      0.001479    1.1659e+16
           382      0.001479    1.1659e+16
           383      0.001479    1.1659e+16
           384      0.001479    1.1659e+16
           385      0.001479    1.1659e+16
           386      0.001479    1.1659e+16
           387      0.001479    1.1659e+16
           388      0.001479    1.1659e+16
           389      0.001479    1.1659e+16
           390      0.001479    1.1659e+16
           391      0.001479    1.1659e+16
           392      0.001479    1.1659e+16
           393      0.001479    1.1659e+16
           394      0.001479    1.1659e+16
           395      0.001479    1.1659e+16
           396      0.001479    1.1659e+16
           397      0.001479    1.1659e+16
           398      0.001479    1.1659e+16
           399      0.001479    1.1659e+16
           400      0.001479    1.1659e+16
           401      0.001479    1.1659e+16
           402      0.001479    1.1659e+16
           403      0.001479    1.1659e+16
           404      0.001479    1.1659e+16
           405      0.001479    1.1659e+16
           406      0.001479    1.1659e+16
           407       0.00148    1.1659e+16
           408       0.00148    1.1659e+16
           409       0.00148    1.1659e+16
           410       0.00148    1.1659e+16
           411       0.00148    1.1659e+16
           412       0.00148    1.1659e+16
           413       0.00148    1.1659e+16
           414       0.00148    1.1659e+16
           415       0.00148    1.1659e+16
           416       0.00148    1.1659e+16
           417       0.00148    1.1659e+16
           418       0.00148    1.1659e+16
           419       0.00148    1.1659e+16
           420       0.00148    1.1659e+16
           421       0.00148    1.1659e+16
           422       0.00148    1.1659e+16
           423       0.00148    1.1659e+16
           424       0.00148    1.1659e+16
           425       0.00148    1.1659e+16
           426       0.00148    1.1659e+16
           427       0.00148    1.1659e+16
           428       0.00148    1.1659e+16
           429       0.00148    1.1659e+16
           430       0.00148    1.1659e+16
           431       0.00148    1.1659e+16
           432       0.00148    1.1659e+16
           433       0.00148    1.1659e+16
           434       0.00148    1.1659e+16
           435       0.00148    1.1659e+16
           436       0.00148    1.1659e+16
           437       0.00148    1.1659e+16
           438       0.00148    1.1659e+16
           439       0.00148    1.1659e+16
           440       0.00148    1.1659e+16
           441      0.001481    1.1659e+16
           442      0.001481    1.1659e+16
           443      0.001481    1.1659e+16
           444      0.001481    1.1659e+16
           445      0.001481    1.1659e+16
           446      0.001481    1.1659e+16
           447      0.001481    1.1659e+16
           448      0.001481    1.1659e+16
           449      0.001481    1.1659e+16
           450      0.001481    1.1659e+16
           451      0.001481    1.1659e+16
           452      0.001481    1.1659e+16
           453      0.001481    1.1659e+16
           454      0.001481    1.1659e+16
           455      0.001481    1.1659e+16
           456      0.001481    1.1659e+16
           457      0.001481    1.1659e+16
           458      0.001481    1.1659e+16
           459      0.001481    1.1659e+16
           460      0.001481    1.1659e+16
           461      0.001481    1.1659e+16
           462      0.001481    1.1659e+16
           463      0.001481    1.1659e+16
           464      0.001481    1.1659e+16
           465      0.001481    1.1659e+16
           466      0.001481    1.1659e+16
           467      0.001481    1.1659e+16
           468      0.001481    1.1659e+16
           469      0.001481    1.1659e+16
           470      0.001481    1.1659e+16
           471      0.001481    1.1659e+16
           472      0.001481    1.1659e+16
           473      0.001481    1.1659e+16
           474      0.001481    1.1659e+16
           475      0.001482    1.1659e+16
           476      0.001482    1.1659e+16
           477      0.001482    1.1659e+16
           478      0.001482    1.1659e+16
           479      0.001482    1.1659e+16
           480      0.001482    1.1659e+16
           481      0.001482    1.1659e+16
           482      0.001482    1.1659e+16
           483      0.001482    1.1659e+16
           484      0.001482    1.1659e+16
           485      0.001482    1.1659e+16
           486      0.001482    1.1659e+16
           487      0.001482    1.1659e+16
           488      0.001482    1.1659e+16
           489      0.001482    1.1659e+16
           490      0.001482    1.1659e+16
           491      0.001482    1.1659e+16
           492      0.001482    1.1659e+16
           493      0.001482    1.1659e+16
           494      0.001482    1.1659e+16
           495      0.001482    1.1659e+16
           496      0.001482    1.1659e+16
           497      0.001482    1.1659e+16
           498      0.001482    1.1659e+16
           499      0.001482    1.1659e+16
           500      0.001482    1.1659e+16
           501      0.001482    1.1659e+16
           502      0.001482    1.1659e+16
           503      0.001482    1.1659e+16
           504      0.001482    1.1659e+16
           505      0.001482    1.1659e+16
           506      0.001482    1.1659e+16
           507      0.001482    1.1659e+16
           508      0.001483    1.1659e+16
           509      0.001483    1.1659e+16
           510      0.001483    1.1659e+16
           511      0.001483    1.1659e+16
           512      0.001483    1.1659e+16
           513      0.001483    1.1659e+16
           514      0.001483    1.1659e+16
           515      0.001483    1.1659e+16
           516      0.001483    1.1659e+16
           517      0.001483    1.1659e+16
           518      0.001483    1.1659e+16
           519      0.001483    1.1659e+16
           520      0.001483    1.1659e+16
           521      0.001483    1.1659e+16
           522      0.001483    1.1659e+16
           523      0.001483    1.1659e+16
           524      0.001483    1.1659e+16
           525      0.001483    1.1659e+16
           526      0.001483    1.1659e+16
           527      0.001483    1.1659e+16
           528      0.001483    1.1659e+16
           529      0.001483    1.1659e+16
           530      0.001483    1.1659e+16
           531      0.001483    1.1659e+16
           532      0.001483    1.1659e+16
           533      0.001483    1.1659e+16
           534      0.001483    1.1659e+16
           535      0.001483    1.1659e+16
           536      0.001483    1.1659e+16
           537      0.001483    1.1659e+16
           538      0.001483    1.1659e+16
           539      0.001483    1.1659e+16
           540      0.001483    1.1659e+16
           541      0.001483    1.1659e+16
           542      0.001484    1.1659e+16
           543      0.001484    1.1659e+16
           544      0.001484    1.1659e+16
           545      0.001484    1.1659e+16
           546      0.001484    1.1659e+16
           547      0.001484    1.1659e+16
           548      0.001484    1.1659e+16
           549      0.001484    1.1659e+16
           550      0.001484    1.1659e+16
           551      0.001484    1.1659e+16
           552      0.001484    1.1659e+16
           553      0.001484    1.1659e+16
           554      0.001484    1.1659e+16
           555      0.001484    1.1659e+16
           556      0.001484    1.1659e+16
           557      0.001484    1.1659e+16
           558      0.001484    1.1659e+16
           559      0.001484    1.1659e+16
           560      0.001484    1.1659e+16
           561      0.001484    1.1659e+16
           562      0.001484    1.1659e+16
           563      0.001484    1.1659e+16
           564      0.001484    1.1659e+16
           565      0.001484    1.1659e+16
           566      0.001484    1.1659e+16
           567      0.001484    1.1659e+16
           568      0.001484    1.1659e+16
           569      0.001484    1.1659e+16
           570      0.001484    1.1659e+16
           571      0.001484    1.1659e+16
           572      0.001484    1.1659e+16
           573      0.001484    1.1659e+16
           574      0.001484    1.1659e+16
           575      0.001484    1.1659e+16
           576      0.001485    1.1659e+16
           577      0.001485    1.1659e+16
           578      0.001485    1.1659e+16
           579      0.001485    1.1659e+16
           580      0.001485    1.1659e+16
           581      0.001485    1.1659e+16
           582      0.001485    1.1659e+16
           583      0.001485    1.1659e+16
           584      0.001485    1.1659e+16
           585      0.001485    1.1659e+16
           586      0.001485    1.1659e+16
           587      0.001485    1.1659e+16
           588      0.001485    1.1659e+16
           589      0.001485    1.1659e+16
           590      0.001485    1.1659e+16
           591      0.001485    1.1659e+16
           592      0.001485    1.1659e+16
           593      0.001485    1.1659e+16
           594      0.001485    1.1659e+16
           595      0.001485    1.1659e+16
           596      0.001485    1.1659e+16
           597      0.001485    1.1659e+16
           598      0.001485    1.1659e+16
           599      0.001485    1.1659e+16
           600      0.001485    1.1659e+16
           601      0.001485    1.1659e+16
           602      0.001485    1.1659e+16
           603      0.001485    1.1659e+16
           604      0.001485    1.1659e+16
           605      0.001485    1.1659e+16
           606      0.001485    1.1659e+16
           607      0.001485    1.1659e+16
           608      0.001485    1.1659e+16
           609      0.001486    1.1659e+16
           610      0.001486    1.1659e+16
           611      0.001486    1.1659e+16
           612      0.001486    1.1659e+16
           613      0.001486    1.1659e+16
           614      0.001486    1.1659e+16
           615      0.001486    1.1659e+16
           616      0.001486    1.1659e+16
           617      0.001486    1.1659e+16
           618      0.001486    1.1659e+16
           619      0.001486    1.1659e+16
           620      0.001486    1.1659e+16
           621      0.001486    1.1659e+16
           622      0.001486    1.1659e+16
           623      0.001486    1.1659e+16
           624      0.001486    1.1659e+16
           625      0.001486    1.1659e+16
           626      0.001486    1.1659e+16
           627      0.001486    1.1659e+16
           628      0.001486    1.1659e+16
           629      0.001486    1.1659e+16
           630      0.001486    1.1659e+16
           631      0.001486    1.1659e+16
           632      0.001486    1.1659e+16
           633      0.001486    1.1659e+16
           634      0.001486    1.1659e+16
           635      0.001486    1.1659e+16
           636      0.001486    1.1659e+16
           637      0.001486    1.1659e+16
           638      0.001486    1.1659e+16
           639      0.001486    1.1659e+16
           640      0.001486    1.1659e+16
           641      0.001486    1.1659e+16
           642      0.001486    1.1659e+16
           643      0.001487    1.1659e+16
           644      0.001487    1.1659e+16
           645      0.001487    1.1659e+16
           646      0.001487    1.1659e+16
           647      0.001487    1.1659e+16
           648      0.001487    1.1659e+16
           649      0.001487    1.1659e+16
           650      0.001487    1.1659e+16
           651      0.001487    1.1659e+16
           652      0.001487    1.1659e+16
           653      0.001487    1.1659e+16
           654      0.001487    1.1659e+16
           655      0.001487    1.1659e+16
           656      0.001487    1.1659e+16
           657      0.001487    1.1659e+16
           658      0.001487    1.1659e+16
           659      0.001487    1.1659e+16
           660      0.001487    1.1659e+16
           661      0.001487    1.1659e+16
           662      0.001487    1.1659e+16
           663      0.001487    1.1659e+16
           664      0.001487    1.1659e+16
           665      0.001487    1.1659e+16
           666      0.001487    1.1659e+16
           667      0.001487    1.1659e+16
           668      0.001487    1.1659e+16
           669      0.001487    1.1659e+16
           670      0.001487    1.1659e+16
           671      0.001487    1.1659e+16
           672      0.001487    1.1659e+16
           673      0.001487    1.1659e+16
           674      0.001487    1.1659e+16
           675      0.001487    1.1659e+16
           676      0.001487    1.1659e+16
           677      0.001488    1.1659e+16
           678      0.001488    1.1659e+16
           679      0.001488    1.1659e+16
           680      0.001488    1.1659e+16
           681      0.001488    1.1659e+16
           682      0.001488    1.1659e+16
           683      0.001488    1.1659e+16
           684      0.001488    1.1659e+16
           685      0.001488    1.1659e+16
           686      0.001488    1.1659e+16
           687      0.001488    1.1659e+16
           688      0.001488    1.1659e+16
           689      0.001488    1.1659e+16
           690      0.001488    1.1659e+16
           691      0.001488    1.1659e+16
           692      0.001488    1.1659e+16
           693      0.001488    1.1659e+16
           694      0.001488    1.1659e+16
           695      0.001488    1.1659e+16
           696      0.001488    1.1659e+16
           697      0.001488    1.1659e+16
           698      0.001488    1.1659e+16
           699      0.001488    1.1659e+16
           700      0.001488    1.1659e+16
           701      0.001488    1.1659e+16
           702      0.001488    1.1659e+16
           703      0.001488    1.1659e+16
           704      0.001488    1.1659e+16
           705      0.001488    1.1659e+16
           706      0.001488    1.1659e+16
           707      0.001488    1.1659e+16
           708      0.001488    1.1659e+16
           709      0.001488    1.1659e+16
           710      0.001489    1.1659e+16
           711      0.001489    1.1659e+16
           712      0.001489    1.1659e+16
           713      0.001489    1.1659e+16
           714      0.001489    1.1659e+16
           715      0.001489    1.1659e+16
           716      0.001489    1.1659e+16
           717      0.001489    1.1659e+16
           718      0.001489    1.1659e+16
           719      0.001489    1.1659e+16
           720      0.001489    1.1659e+16
           721      0.001489    1.1659e+16
           722      0.001489    1.1659e+16
           723      0.001489    1.1659e+16
           724      0.001489    1.1659e+16
           725      0.001489    1.1659e+16
           726      0.001489    1.1659e+16
           727      0.001489    1.1659e+16
           728      0.001489    1.1659e+16
           729      0.001489    1.1659e+16
           730      0.001489    1.1659e+16
           731      0.001489    1.1659e+16
           732      0.001489    1.1659e+16
           733      0.001489    1.1659e+16
           734      0.001489    1.1659e+16
           735      0.001489    1.1659e+16
           736      0.001489    1.1659e+16
           737      0.001489    1.1659e+16
           738      0.001489    1.1659e+16
           739      0.001489    1.1659e+16
           740      0.001489    1.1659e+16
           741      0.001489    1.1659e+16
           742      0.001489    1.1659e+16
           743      0.001489    1.1659e+16
           744       0.00149    1.1659e+16
           745       0.00149    1.1659e+16
           746       0.00149    1.1659e+16
           747       0.00149    1.1659e+16
           748       0.00149    1.1659e+16
           749       0.00149    1.1659e+16
           750       0.00149    1.1659e+16
           751       0.00149    1.1659e+16
           752       0.00149    1.1659e+16
           753       0.00149    1.1659e+16
           754       0.00149    1.1659e+16
           755       0.00149    1.1659e+16
           756       0.00149    1.1659e+16
           757       0.00149    1.1659e+16
           758       0.00149    1.1659e+16
           759       0.00149    1.1659e+16
           760       0.00149    1.1659e+16
           761       0.00149    1.1659e+16
           762       0.00149    1.1659e+16
           763       0.00149    1.1659e+16
           764       0.00149    1.1659e+16
           765       0.00149    1.1659e+16
           766       0.00149    1.1659e+16
           767       0.00149    1.1659e+16
           768       0.00149    1.1659e+16
           769       0.00149    1.1659e+16
           770       0.00149    1.1659e+16
           771       0.00149    1.1659e+16
           772       0.00149    1.1659e+16
           773       0.00149    1.1659e+16
           774       0.00149    1.1659e+16
           775       0.00149    1.1659e+16
           776       0.00149    1.1659e+16
           777       0.00149    1.1659e+16
           778      0.001491    1.1659e+16
           779      0.001491    1.1659e+16
           780      0.001491    1.1659e+16
           781      0.001491    1.1659e+16
           782      0.001491    1.1659e+16
           783      0.001491    1.1659e+16
           784      0.001491    1.1659e+16
           785      0.001491    1.1659e+16
           786      0.001491    1.1659e+16
           787      0.001491    1.1659e+16
           788      0.001491    1.1659e+16
           789      0.001491    1.1659e+16
           790      0.001491    1.1659e+16
           791      0.001491    1.1659e+16
           792      0.001491    1.1659e+16
           793      0.001491    1.1659e+16
           794      0.001491    1.1659e+16
           795      0.001491    1.1659e+16
           796      0.001491    1.1659e+16
           797      0.001491    1.1659e+16
           798      0.001491    1.1659e+16
           799      0.001491    1.1659e+16
           800      0.001491    1.1659e+16
           801      0.001491    1.1659e+16
           802      0.001491    1.1659e+16
           803      0.001491    1.1659e+16
           804      0.001491    1.1659e+16
           805      0.001491    1.1659e+16
           806      0.001491    1.1659e+16
           807      0.001491    1.1659e+16
           808      0.001491    1.1659e+16
           809      0.001491    1.1659e+16
           810      0.001491    1.1659e+16
           811      0.001491    1.1659e+16
           812      0.001492    1.1659e+16
           813      0.001492    1.1659e+16
           814      0.001492    1.1659e+16
           815      0.001492    1.1659e+16
           816      0.001492    1.1659e+16
           817      0.001492    1.1659e+16
           818      0.001492    1.1659e+16
           819      0.001492    1.1659e+16
           820      0.001492    1.1659e+16
           821      0.001492    1.1659e+16
           822      0.001492    1.1659e+16
           823      0.001492    1.1659e+16
           824      0.001492    1.1659e+16
           825      0.001492    1.1659e+16
           826      0.001492    1.1659e+16
           827      0.001492    1.1659e+16
           828      0.001492    1.1659e+16
           829      0.001492    1.1659e+16
           830      0.001492    1.1659e+16
           831      0.001492    1.1659e+16
           832      0.001492    1.1659e+16
           833      0.001492    1.1659e+16
           834      0.001492    1.1659e+16
           835      0.001492    1.1659e+16
           836      0.001492    1.1659e+16
           837      0.001492    1.1659e+16
           838      0.001492    1.1659e+16
           839      0.001492    1.1659e+16
           840      0.001492    1.1659e+16
           841      0.001492    1.1659e+16
           842      0.001492    1.1659e+16
           843      0.001492    1.1659e+16
           844      0.001492    1.1659e+16
           845      0.001493    1.1659e+16
           846      0.001493    1.1659e+16
           847      0.001493    1.1659e+16
           848      0.001493    1.1659e+16
           849      0.001493    1.1659e+16
           850      0.001493    1.1659e+16
           851      0.001493    1.1659e+16
           852      0.001493    1.1659e+16
           853      0.001493    1.1659e+16
           854      0.001493    1.1659e+16
           855      0.001493    1.1659e+16
           856      0.001493    1.1659e+16
           857      0.001493    1.1659e+16
           858      0.001493    1.1659e+16
           859      0.001493    1.1659e+16
           860      0.001493    1.1659e+16
           861      0.001493    1.1659e+16
           862      0.001493    1.1659e+16
           863      0.001493    1.1659e+16
           864      0.001493    1.1659e+16
           865      0.001493    1.1659e+16
           866      0.001493    1.1659e+16
           867      0.001493    1.1659e+16
           868      0.001493    1.1659e+16
           869      0.001493    1.1659e+16
           870      0.001493    1.1659e+16
           871      0.001493    1.1659e+16
           872      0.001493    1.1659e+16
           873      0.001493    1.1659e+16
           874      0.001493    1.1659e+16
           875      0.001493    1.1659e+16
           876      0.001493    1.1659e+16
           877      0.001493    1.1659e+16
           878      0.001493    1.1659e+16
           879      0.001494    1.1659e+16
           880      0.001494    1.1659e+16
           881      0.001494    1.1659e+16
           882      0.001494    1.1659e+16
           883      0.001494    1.1659e+16
           884      0.001494    1.1659e+16
           885      0.001494    1.1659e+16
           886      0.001494    1.1659e+16
           887      0.001494    1.1659e+16
           888      0.001494    1.1659e+16
           889      0.001494    1.1659e+16
           890      0.001494    1.1659e+16
           891      0.001494    1.1659e+16
           892      0.001494    1.1659e+16
           893      0.001494    1.1659e+16
           894      0.001494    1.1659e+16
           895      0.001494    1.1659e+16
           896      0.001494    1.1659e+16
           897      0.001494    1.1659e+16
           898      0.001494    1.1659e+16
           899      0.001494    1.1659e+16
           900      0.001494    1.1659e+16
           901      0.001494    1.1659e+16
           902      0.001494    1.1659e+16
           903      0.001494    1.1659e+16
           904      0.001494    1.1659e+16
           905      0.001494    1.1659e+16
           906      0.001494    1.1659e+16
           907      0.001494    1.1659e+16
           908      0.001494    1.1659e+16
           909      0.001494    1.1659e+16
           910      0.001494    1.1659e+16
           911      0.001494    1.1659e+16
           912      0.001494    1.1659e+16
           913      0.001495    1.1659e+16
           914      0.001495    1.1659e+16
           915      0.001495    1.1659e+16
           916      0.001495    1.1659e+16
           917      0.001495    1.1659e+16
           918      0.001495    1.1659e+16
           919      0.001495    1.1659e+16
           920      0.001495    1.1659e+16
           921      0.001495    1.1659e+16
           922      0.001495    1.1659e+16
           923      0.001495    1.1659e+16
           924      0.001495    1.1659e+16
           925      0.001495    1.1659e+16
           926      0.001495    1.1659e+16
           927      0.001495    1.1659e+16
           928      0.001495    1.1659e+16
           929      0.001495    1.1659e+16
           930      0.001495    1.1659e+16
           931      0.001495    1.1659e+16
           932      0.001495    1.1659e+16
           933      0.001495    1.1659e+16
           934      0.001495    1.1659e+16
           935      0.001495    1.1659e+16
           936      0.001495    1.1659e+16
           937      0.001495    1.1659e+16
           938      0.001495    1.1659e+16
           939      0.001495    1.1659e+16
           940      0.001495    1.1659e+16
           941      0.001495    1.1659e+16
           942      0.001495    1.1659e+16
           943      0.001495    1.1659e+16
           944      0.001495    1.1659e+16
           945      0.001495    1.1659e+16
           946      0.001496    1.1659e+16
           947      0.001496    1.1659e+16
           948      0.001496    1.1659e+16
           949      0.001496    1.1659e+16
           950      0.001496    1.1659e+16
           951      0.001496    1.1659e+16
           952      0.001496    1.1659e+16
           953      0.001496    1.1659e+16
           954      0.001496    1.1659e+16
           955      0.001496    1.1659e+16
           956      0.001496    1.1659e+16
           957      0.001496    1.1659e+16
           958      0.001496    1.1659e+16
           959      0.001496    1.1659e+16
           960      0.001496    1.1659e+16
           961      0.001496    1.1659e+16
           962      0.001496    1.1659e+16
           963      0.001496    1.1659e+16
           964      0.001496    1.1659e+16
           965      0.001496    1.1659e+16
           966      0.001496    1.1659e+16
           967      0.001496    1.1659e+16
           968      0.001496    1.1659e+16
           969      0.001496    1.1659e+16
           970      0.001496    1.1659e+16
           971      0.001496    1.1659e+16
           972      0.001496    1.1659e+16
           973      0.001496    1.1659e+16
           974      0.001496    1.1659e+16
           975      0.001496    1.1659e+16
           976      0.001496    1.1659e+16
           977      0.001496    1.1659e+16
           978      0.001496    1.1659e+16
           979      0.001496    1.1659e+16
           980      0.001497    1.1659e+16
           981      0.001497    1.1659e+16
           982      0.001497    1.1659e+16
           983      0.001497    1.1659e+16
           984      0.001497    1.1659e+16
           985      0.001497    1.1659e+16
           986      0.001497    1.1659e+16
           987      0.001497    1.1659e+16
           988      0.001497    1.1659e+16
           989      0.001497    1.1659e+16
           990      0.001497    1.1659e+16
           991      0.001497    1.1659e+16
           992      0.001497    1.1659e+16
           993      0.001497    1.1659e+16
           994      0.001497    1.1659e+16
           995      0.001497    1.1659e+16
           996      0.001497    1.1659e+16
           997      0.001497    1.1659e+16
           998      0.001497    1.1659e+16
           999      0.001497    1.1659e+16
