0.360496
0.481728
0.50157
0.55337
0.574437
0.58203
0.607744
0.629149
0.641174
0.651486
0.659344
0.666248
0.675454
0.68539
0.719804
0.727994
0.735444
0.745759
0.753439
0.765745
0.772736
0.781668
0.793671
0.802831
0.812108
0.819351
0.826607
0.835404
0.842083
0.853001
0.86313
0.873114
0.883306
0.901849
0.915477
0.927431
0.937757
0.946522
0.955947
0.963228
0.971117
0.980263
0.994507
1.00203
1.00882
1.01877
1.02642
1.03644
1.04391
1.06346
1.07667
1.08634
1.0977
1.10513
1.12169
1.13116
1.14182
1.15581
1.18543
1.20875
1.23057
1.2378
1.24791
1.2666
1.28128
1.29572
1.3034
1.31037
1.32073
1.33618
1.34414
1.35506
1.37672
1.38847
1.39902
1.40705
1.4169
1.42575
1.43218
1.43997
1.44787
1.45534
1.46315
1.47173
1.48679
1.49431
1.50207
1.51074
1.51809
1.53104
1.53974
1.55112
1.55761
1.56498
1.57199
1.57844
1.58519
1.59219
1.6001
1.60718
1.61362
1.62015
1.62697
1.63354
1.64048
1.64701
1.65329
1.66003
1.66663
1.67371
1.68152
1.68907
1.69521
1.70206
1.70869
1.71549
1.72217
1.73297
1.73968
1.74584
1.75264
1.75968
1.76607
1.77321
1.7794
1.78636
1.79439
1.80095
1.80946
1.81892
1.82823
1.83995
1.85326
1.86543
1.89776
1.92816
1.94024
1.9474
1.96088
1.97843
1.9855
1.99654
2.00751
2.04249
2.05309
2.0674
2.12713
2.1578
2.1812
2.34471
2.35558
2.36989
2.41067
2.43785
2.45326
2.52527
2.59799
2.60784
2.61807
2.65119
2.87629
3.07566
3.08467
3.11861
3.13739
3.1907
3.29821
3.30674
3.40142
3.79808
3.83238
3.84978
3.88219
3.95657
4.0748
4.083
4.22669
4.62357
5.02032
5.41714
5.6116
5.62816
5.64343
5.65528
5.74272
5.75157
5.7679
5.87497
5.94478
6.11666
6.1267
6.1423
6.16369
6.18599
6.19869
6.23058
6.2707
6.30239
6.33823
6.37856
6.57159
6.58945
6.60959
6.62101
6.6391
6.65051
6.66506
6.77802
6.89424
6.90224
7.15863
7.38494
7.41059
7.44485
7.57129
7.671
7.68664
7.71844
7.72855
7.74188
7.75228
7.76815
7.81551
7.99921
8.21059
8.6074
9.00387
9.40041
9.79722
10.1943
10.5914
10.9882
11.3847
